-3.835060602555161527e-03 1.712030678093742764e-02 2.509278927031324269e+00
-3.807397370385730891e-03 1.709386364690513443e-02 2.509278927031324269e+00
-3.616674292906114571e-03 1.691155248854299409e-02 2.509278927031324269e+00
-3.107790398208170896e-03 1.642511312556583711e-02 2.509278927031324269e+00
-2.134185944376196416e-03 1.549444989324862132e-02 2.509278927031324269e+00
-5.576871243961562061e-04 1.398748319668899169e-02 2.509278927031324269e+00
1.751649228935092759e-03 1.178000106506980026e-02 2.509278927031324269e+00
4.915690938100571519e-03 8.755510705921676351e-03 2.509278927031324269e+00
9.048385775953935589e-03 4.805090059385558679e-03 2.509278927031324269e+00
1.425591676081027978e-02 -1.727606475247872001e-04 2.509278927031324269e+00
2.063685745153688231e-02 -6.272267346660184706e-03 2.509278927031324269e+00
2.828232724264398076e-02 -1.358053057447353509e-02 2.509278927031324269e+00
3.727614665937553640e-02 -2.217767391775721589e-02 2.509278927031324269e+00
4.769499265280005562e-02 -3.213699245938066162e-02 2.509278927031324269e+00
5.960855389490130052e-02 -4.352510122402768189e-02 2.509278927031324269e+00
7.307968607366899239e-02 -5.640208362393396568e-02 2.509278927031324269e+00
8.816456718818987959e-02 -7.082163990462461700e-02 2.509278927031324269e+00
1.049128528437381774e-01 -8.683123559065152042e-02 2.509278927031324269e+00
1.233678315468663272e-01 -1.044722499313307656e-01 2.509278927031324269e+00
1.435665800004962134e-01 -1.237801243464802525e-01 2.509278927031324269e+00
1.655401183990093950e-01 -1.447845108721569629e-01 2.509278927031324269e+00
1.893135657233380731e-01 -1.675094206063945934e-01 2.509278927031324269e+00
2.149062950360563495e-01 -1.919733721549410910e-01 2.509278927031324269e+00
2.423320887764697784e-01 -2.181895400769954252e-01 2.509278927031324269e+00
2.715992940557075963e-01 -2.461659033309460676e-01 2.509278927031324269e+00
3.027109779518124544e-01 -2.759053937201078610e-01 2.509278927031324269e+00
3.356650828048317048e-01 -3.074060443384594166e-01 2.509278927031324269e+00
3.704545815119077434e-01 -3.406611380163806491e-01 2.509278927031324269e+00
4.070676328223695739e-01 -3.756593557663910898e-01 2.509278927031324269e+00
4.454877366328223176e-01 -4.123849252288850908e-01 2.509278927031324269e+00
4.856938892822393328e-01 -4.508177691178719693e-01 2.509278927031324269e+00
5.276607388470522242e-01 -4.909336536667122108e-01 2.509278927031324269e+00
5.713587404362414635e-01 -5.327043370738538952e-01 2.509278927031324269e+00
6.167543114864278975e-01 -5.760977179485725630e-01 2.509278927031324269e+00
6.638099870569631467e-01 -6.210779837567066419e-01 2.509278927031324269e+00
7.124845751250189485e-01 -6.676057592663953155e-01 2.509278927031324269e+00
7.627333118806816081e-01 -7.156382549938168358e-01 2.509278927031324269e+00
8.145080170220387883e-01 -7.651294156489253373e-01 2.509278927031324269e+00
8.677572490502722946e-01 -8.160300685811877619e-01 2.509278927031324269e+00
9.224264605647487514e-01 -8.682880722253224492e-01 2.509278927031324269e+00
9.784581535581095002e-01 -9.218484645470363947e-01 2.509278927031324269e+00
1.035792034711363163e+00 -9.766536114887616193e-01 2.509278927031324269e+00
1.094365170688973654e+00 -1.032643355415393094e+00 2.509278927031324269e+00
1.154112143433954518e+00 -1.089755163560028217e+00 2.509278927031324269e+00
1.214965205462956721e+00 -1.147924276469701077e+00 2.509278927031324269e+00
1.276854435161359769e+00 -1.207083856451121040e+00 2.509278927031324269e+00
1.339707892078362939e+00 -1.267165136016411120e+00 2.509278927031324269e+00
1.403451772222078064e+00 -1.328097566328845236e+00 2.509278927031324269e+00
1.468010563354617659e+00 -1.389808965648585692e+00 2.509278927031324269e+00
1.533307200287184813e+00 -1.452225667778417328e+00 2.509278927031324269e+00
1.599263220175168865e+00 -1.515272670509492769e+00 2.509278927031324269e+00
1.665798917813231084e+00 -1.578873784067060804e+00 2.509278927031324269e+00
1.732833500930396564e+00 -1.642951779556208969e+00 2.509278927031324269e+00
1.800285245485147012e+00 -1.707428537407600810e+00 2.509278927031324269e+00
1.868071650960509977e+00 -1.772225195823211141e+00 2.509278927031324269e+00
1.936109595659152305e+00 -1.837262299222070183e+00 2.509278927031324269e+00
2.004315491998462928e+00 -1.902459946685988168e+00 2.509278927031324269e+00
2.072605441805652760e+00 -1.967737940405303476e+00 2.509278927031324269e+00
2.140895391612843479e+00 -2.033015934124619672e+00 2.509278927031324269e+00
2.209101287952154102e+00 -2.098213581588537213e+00 2.509278927031324269e+00
2.277139232650794654e+00 -2.163250684987395367e+00 2.509278927031324269e+00
2.344925638126157619e+00 -2.228047343403006586e+00 2.509278927031324269e+00
2.412377382680909399e+00 -2.292524101254399760e+00 2.509278927031324269e+00
2.479411965798074213e+00 -2.356602096743547481e+00 2.509278927031324269e+00
2.545947663436135322e+00 -2.420203210301114183e+00 2.509278927031324269e+00
2.611903683324120706e+00 -2.483250213032190068e+00 2.509278927031324269e+00
2.677200320256687860e+00 -2.545666915162022370e+00 2.509278927031324269e+00
2.741759111389228565e+00 -2.607378314481763493e+00 2.509278927031324269e+00
2.805502991532943469e+00 -2.668310744794196054e+00 2.509278927031324269e+00
2.868356448449946861e+00 -2.728392024359485912e+00 2.509278927031324269e+00
2.930245678148349242e+00 -2.787551604340907208e+00 2.509278927031324269e+00
2.991098740177351889e+00 -2.845720717250578069e+00 2.509278927031324269e+00
3.050845712922333419e+00 -2.902832525395214081e+00 2.509278927031324269e+00
3.109418848899942134e+00 -2.958822269321845333e+00 2.509278927031324269e+00
3.166752730053197684e+00 -3.013627416263572112e+00 2.509278927031324269e+00
3.222784423046558100e+00 -3.067187808585284614e+00 2.509278927031324269e+00
3.277453634561035223e+00 -3.119445812229420856e+00 2.509278927031324269e+00
3.330702866589266620e+00 -3.170346465161683280e+00 2.509278927031324269e+00
3.382477571730627908e+00 -3.219837625816792226e+00 2.509278927031324269e+00
3.432726308486289124e+00 -3.267870121544213191e+00 2.509278927031324269e+00
3.481400896554343483e+00 -3.314397897053902753e+00 2.509278927031324269e+00
3.528456572124878399e+00 -3.359378162862036277e+00 2.509278927031324269e+00
3.573852143175066054e+00 -3.402771543736757387e+00 2.509278927031324269e+00
3.617550144764256181e+00 -3.444542227143898572e+00 2.509278927031324269e+00
3.659516994329066186e+00 -3.484658111692733762e+00 2.509278927031324269e+00
3.699723146978483257e+00 -3.523090955581723804e+00 2.509278927031324269e+00
3.738143250788937166e+00 -3.559816525044218416e+00 2.509278927031324269e+00
3.774756302099402383e+00 -3.594814742794226525e+00 2.509278927031324269e+00
3.809545800806475313e+00 -3.628069836472151088e+00 2.509278927031324269e+00
3.842499905659495063e+00 -3.659570487090499924e+00 2.509278927031324269e+00
3.873611589555600254e+00 -3.689309977479666713e+00 2.509278927031324269e+00
3.902878794834837350e+00 -3.717286340733609862e+00 2.509278927031324269e+00
3.930304588575248559e+00 -3.743502508655668137e+00 2.509278927031324269e+00
3.955897317887968612e+00 -3.767966460204215551e+00 2.509278927031324269e+00
3.979670765212297567e+00 -3.790691369938450350e+00 2.509278927031324269e+00
4.001644303610815356e+00 -3.811695756464132501e+00 2.509278927031324269e+00
4.021843052064443924e+00 -3.831003630879283861e+00 2.509278927031324269e+00
4.040298030767571547e+00 -3.848644645219962968e+00 2.509278927031324269e+00
4.057046316423114973e+00 -3.864654240905981197e+00 2.509278927031324269e+00
4.072131197537636638e+00 -3.879073797186674000e+00 2.509278927031324269e+00
4.085602329716401471e+00 -3.891950779586579756e+00 2.509278927031324269e+00
4.097515890958508322e+00 -3.903338888351228775e+00 2.509278927031324269e+00
4.107934736951937893e+00 -3.913298206892854125e+00 2.509278927031324269e+00
4.116928556368668168e+00 -3.921895350236141553e+00 2.509278927031324269e+00
4.124574026159773865e+00 -3.929203613463952749e+00 2.509278927031324269e+00
4.130954966850509891e+00 -3.935303120163091251e+00 2.509278927031324269e+00
4.136162497835353946e+00 -3.940280970870002619e+00 2.509278927031324269e+00
4.140295192673207225e+00 -3.944231391516538565e+00 2.509278927031324269e+00
4.143459234382369516e+00 -3.947255881875673111e+00 2.509278927031324269e+00
4.145768570735704373e+00 -3.949463364007300470e+00 2.509278927031324269e+00
4.147345069555697705e+00 -3.950970330703864164e+00 2.509278927031324269e+00
4.148318674009519924e+00 -3.951900993936177997e+00 2.509278927031324269e+00
4.148827557904223085e+00 -3.952387433299158204e+00 2.509278927031324269e+00
4.149018280981692897e+00 -3.952569744457512968e+00 2.509278927031324269e+00
4.149045944213870740e+00 -3.952596187591549182e+00 2.509278927031324269e+00
